0 925 0 53 34 1013 3 57 30 
1 924 0 52 35 1014 3 57 31 
2 1090 0 53 19 923 1 54 36 1016 2 58 33 
3 1094 0 50 21 921 2 53 34 1017 3 58 32 
4 1096 0 52 23 920 3 53 34 1017 3 61 33 
5 59 0 129 43 257 0 90 38 1100 0 51 23 920 4 54 42 1015 4 61 42 
6 69 0 116 44 267 1 87 36 1101 0 51 25 1014 1 62 48 918 3 55 47 
7 69 0 116 44 276 0 86 38 1102 0 54 28 918 5 55 46 1014 1 63 52 
8 69 0 115 44 281 0 86 39 1103 1 52 29 916 6 56 48 1016 4 61 51 
9 69 0 116 43 287 0 79 38 1103 3 55 28 914 7 58 50 1016 7 63 51 
10 290 0 77 39 68 0 117 43 1104 1 56 32 912 8 59 51 1015 8 65 51 
11 68 0 116 44 1105 2 55 32 910 12 61 52 1014 12 69 50 
12 1104 1 63 36 908 15 62 50 1014 12 69 51 
13 1106 1 57 36 907 18 62 50 1014 14 69 53 
14 1121 1 54 37 903 20 67 53 1015 19 71 54 
15 1109 0 53 36 1016 0 47 30 1114 0 67 50 901 20 70 59 1014 22 75 57 
16 1015 1 50 31 1112 0 72 55 1015 23 76 59 898 21 72 63 
17 62 0 124 43 932 0 42 20 1016 1 50 31 1024 35 64 53 894 21 75 68 1115 0 71 58 
18 69 0 115 43 932 0 41 23 1017 1 51 32 892 27 76 70 1120 0 69 58 1024 35 66 58 
19 69 0 117 43 1021 17 61 53 930 0 43 25 1015 2 52 32 886 29 84 68 1025 35 68 60 1123 0 71 59 
20 70 0 117 43 927 0 49 27 1012 1 56 34 885 32 85 66 1123 4 73 56 1024 37 71 60 
21 71 0 117 42 1012 1 57 35 922 0 52 29 884 35 85 68 1124 9 75 54 1023 42 74 59 
22 71 0 118 42 1012 1 57 37 885 38 84 68 923 0 52 30 1129 10 70 55 1024 43 75 63 
23 71 0 118 42 1020 9 56 42 1013 2 55 36 884 36 81 78 921 0 52 31 1020 46 81 69 1132 12 71 57 
24 71 0 119 41 1015 6 59 44 882 44 75 79 921 0 51 33 1134 12 70 60 1020 49 83 75 
25 70 0 120 41 1014 3 62 47 1019 51 88 79 1135 11 76 68 922 0 52 34 880 49 79 81 
26 63 0 126 41 1014 2 63 48 1140 12 72 67 1025 53 78 71 920 0 53 36 877 52 82 82 
27 62 0 128 41 1145 16 78 72 1023 66 86 66 1015 3 62 49 919 0 53 37 876 53 82 81 
28 62 0 128 41 1111 0 46 20 1025 70 86 70 1148 18 78 75 918 0 54 39 1014 5 62 49 869 61 87 84 
29 62 0 129 41 1113 0 44 20 1027 70 82 77 1154 19 76 76 917 0 55 40 858 68 95 86 1013 4 64 53 
30 63 0 127 41 1114 0 45 22 1154 22 85 81 915 0 58 41 1029 76 88 75 857 75 96 88 1008 5 71 57 
31 63 0 127 40 1113 0 49 24 911 5 61 41 1155 26 87 83 1011 7 68 57 852 80 100 94 1026 87 93 74 
32 63 0 127 40 1122 0 55 26 910 3 62 45 1156 32 90 82 848 80 103 98 1010 9 73 59 1025 91 96 79 
33 64 0 125 41 1122 0 57 29 1161 37 93 83 845 86 101 107 1006 11 81 62 909 3 62 50 1025 95 98 84 
34 64 0 124 40 1165 41 96 84 841 96 105 103 1124 0 58 33 1005 14 81 64 906 3 66 53 1024 100 100 86 
35 64 0 124 40 1165 39 103 93 1125 0 57 35 1003 15 84 69 842 101 105 104 903 4 70 53 1025 105 103 89 
36 64 0 124 40 1172 52 101 85 1005 17 83 72 839 109 106 109 1128 0 59 36 904 4 71 53 1026 116 103 90 
37 64 0 124 40 1014 28 71 71 1176 55 103 93 821 122 118 111 1131 0 59 38 900 8 75 52 1029 120 101 92 
38 63 0 125 40 1019 0 45 25 1186 58 99 102 813 129 126 116 1012 27 77 74 1130 0 63 41 899 11 76 53 1034 125 102 106 
39 63 0 125 41 1015 0 49 30 1133 0 61 43 1186 64 110 97 1008 33 84 67 817 138 122 126 899 14 76 54 1033 136 106 104 
40 62 0 126 42 1135 0 59 44 1015 0 53 32 1194 72 110 98 819 144 114 118 1010 39 81 66 895 14 79 58 1033 144 107 113 
41 62 0 125 42 1013 0 53 32 1014 42 78 68 1137 1 58 48 1197 76 111 101 805 157 125 130 893 15 80 64 1034 158 110 112 
42 62 0 125 42 1010 39 83 79 1015 0 52 34 1203 87 116 106 1139 0 61 54 802 167 126 142 892 16 80 67 1032 166 119 115 
43 62 0 125 42 1013 48 83 76 788 176 136 150 1014 0 53 35 1208 93 123 107 890 16 83 71 1139 4 69 55 1034 176 123 124 
44 63 0 124 41 1212 98 131 111 782 187 140 158 1019 52 78 79 891 16 81 78 1016 0 53 34 1143 4 69 59 1031 189 131 125 
45 63 0 124 42 770 198 143 176 1221 101 127 122 1017 64 87 76 1141 5 74 63 887 24 85 76 1017 0 54 36 1036 199 131 142 
46 64 0 123 41 1221 114 150 127 1024 64 79 76 766 218 150 168 1147 8 78 64 1018 1 53 37 884 28 89 72 1031 217 144 138 
47 64 0 122 41 1232 126 148 122 750 236 162 181 1014 0 56 39 1024 66 82 86 881 31 92 72 1150 10 78 66 1036 230 148 146 
48 65 0 120 41 1244 133 147 135 1020 67 87 93 1013 0 60 42 884 31 83 82 740 257 166 189 1151 11 81 73 1038 245 151 157 
49 67 0 119 41 1248 138 165 153 1020 76 93 97 1015 0 59 50 1156 16 80 71 723 277 186 200 882 34 85 80 1042 261 157 163 
50 68 0 119 40 1265 147 150 161 712 298 206 217 1019 77 95 104 1160 18 82 73 883 38 76 83 1046 268 158 188 1014 0 61 53 
51 69 0 119 40 1275 166 163 148 693 331 205 223 1167 16 80 79 1023 84 90 104 882 49 77 80 1040 304 182 189 1018 1 57 57 
52 70 0 118 40 1273 176 194 164 1171 16 80 81 1024 92 97 107 880 52 79 82 667 346 223 256 1017 1 59 60 1038 324 187 194 
53 70 0 118 40 1278 203 209 138 645 373 242 280 1176 24 78 82 874 58 84 82 1024 94 101 112 1016 2 61 61 1039 346 199 213 
54 71 0 117 40 1308 203 194 180 1178 28 84 87 603 416 265 300 865 64 92 89 1023 102 103 115 1013 6 67 60 1044 372 222 226 
55 72 0 118 40 1331 215 184 190 1022 114 106 120 588 464 280 326 1178 34 88 84 1013 10 69 59 863 69 93 88 1058 401 219 252 
56 1111 0 42 21 1333 247 224 183 72 0 119 39 1026 121 106 117 553 513 307 355 858 76 99 90 1012 12 72 61 1181 41 91 81 1059 442 234 271 
57 1348 264 236 203 73 0 117 39 1113 0 45 22 1012 15 71 64 1026 129 107 123 858 82 97 92 1184 47 96 86 511 550 341 433 1072 464 251 315 
58 1364 289 266 224 1018 0 47 29 74 0 118 40 1113 0 47 23 1025 138 113 127 1012 18 74 68 854 87 98 99 1190 49 96 88 474 625 344 448 1070 506 290 329 
59 1390 303 276 243 74 0 116 39 1013 0 53 34 1123 0 49 23 1013 15 70 76 1197 56 98 92 424 677 383 393 1030 152 112 130 1082 585 304 357 845 90 106 107 
60 1083 583 273 234 74 0 117 39 1014 0 53 33 1121 0 56 27 1031 160 114 143 1018 29 66 69 848 98 103 104 407 771 377 289 1202 62 97 95 1096 635 344 420 
61 74 0 117 39 1014 0 54 33 1124 0 55 30 1015 33 75 67 1027 174 124 146 843 105 106 106 1208 67 101 97 367 849 412 226 1103 656 361 429 
62 1457 405 361 316 74 0 118 39 371 960 346 111 1014 0 54 33 1028 183 127 148 1019 38 71 67 1128 0 58 32 839 111 107 109 1210 75 108 99 1103 757 400 285 
63 74 0 117 39 1019 44 75 68 1033 190 126 166 1016 0 51 33 837 120 107 117 1129 0 59 35 1215 71 108 115 1108 812 408 261 
64 75 0 116 39 1032 216 135 152 1021 46 74 75 816 134 128 115 1016 1 53 35 1223 88 111 108 1133 0 62 39 1129 901 422 181 
65 75 0 114 39 1030 242 148 160 1197 1022 312 60 1022 46 74 78 1017 1 50 37 815 137 129 130 1232 97 110 106 1135 0 65 41 
66 75 0 114 39 1240 104 113 113 1034 240 153 178 1027 52 70 78 1136 0 67 45 812 151 129 126 1017 0 50 39 
67 75 0 114 38 1683 628 236 446 1032 252 161 196 1137 0 67 47 1017 5 53 40 1022 60 79 80 1247 113 119 121 810 156 129 134 
68 75 0 112 39 1730 704 191 342 1041 267 159 208 1141 0 62 56 805 163 132 149 1026 65 78 84 1252 123 129 120 1018 5 55 43 
69 75 0 112 39 1042 294 175 216 1813 797 108 273 797 179 138 150 1024 68 81 90 1262 131 129 126 1141 0 68 61 1017 3 57 48 
70 76 0 111 38 1040 322 197 223 1148 0 70 62 792 185 142 160 1269 145 138 132 1024 73 86 95 1017 4 57 55 
71 76 0 111 38 1045 352 201 244 783 204 144 165 1284 155 141 134 1028 83 88 93 1149 0 74 64 1016 8 61 55 
72 76 0 113 39 1296 166 147 145 772 202 153 192 1152 4 74 64 1028 89 89 100 1014 11 64 55 
73 76 0 111 38 1065 414 213 282 1301 181 158 147 763 230 158 189 1154 8 76 66 1028 93 91 102 1013 15 70 55 
74 1113 0 36 19 77 0 112 38 1061 415 248 342 1311 191 168 160 1157 13 75 65 756 248 167 197 1026 98 99 107 1014 17 69 55 
75 77 0 113 38 1124 0 52 23 1116 0 37 20 1078 504 247 309 1160 15 75 69 1335 194 164 183 1014 19 70 61 744 262 176 207 1024 106 103 113 
76 77 0 113 38 1117 0 66 26 1066 500 305 414 1166 18 77 71 1016 17 69 67 1339 213 184 190 1028 120 101 109 725 290 193 220 
77 1117 0 67 27 1020 19 67 69 1353 240 204 193 1080 625 329 430 1169 20 78 72 1030 130 105 108 715 312 201 223 
78 1117 0 66 28 1090 619 362 464 1172 16 81 81 1375 259 211 194 1019 31 66 65 1030 141 110 113 709 330 213 239 
79 1110 668 343 407 1121 0 65 31 1174 22 84 81 1394 274 224 220 686 354 219 274 1033 138 107 130 1018 36 75 62 
80 1021 0 51 24 1104 776 400 280 1406 307 257 225 1125 0 60 35 1182 25 81 91 668 396 228 297 1036 158 110 130 1019 43 76 58 
81 1025 0 51 24 1128 836 382 240 1432 323 280 271 1130 0 59 36 1183 30 84 87 1036 166 114 145 1022 49 74 57 627 415 284 321 
82 1027 0 49 24 1461 363 299 283 1152 951 377 122 610 441 286 374 1135 0 62 39 1185 38 91 83 1042 182 113 139 1023 52 78 62 
83 1026 0 51 25 1494 409 336 303 1134 0 63 42 1023 53 80 72 1188 40 94 90 1042 190 117 159 574 495 314 415 
84 1516 440 385 363 1027 56 76 74 1136 0 61 42 1027 0 48 25 1045 210 128 159 1196 52 97 81 545 541 333 460 
85 1045 227 137 161 1555 484 350 421 1023 66 83 74 1137 0 64 52 1026 0 51 26 1201 58 100 86 454 607 431 453 
86 1046 241 140 176 442 638 431 427 1025 73 82 70 1204 62 96 93 1612 540 309 461 1027 0 50 27 1140 0 63 57 
87 932 0 37 15 1046 259 154 187 1674 579 245 482 1027 72 79 80 1028 0 48 28 1210 66 103 97 409 718 439 348 1143 0 63 61 
88 931 0 38 16 1053 279 159 198 1735 685 187 380 408 795 420 282 1027 0 50 29 1217 71 103 108 1031 81 85 81 1144 0 67 64 
89 1049 312 179 202 929 0 40 18 1818 794 104 269 400 909 420 166 1144 0 78 65 1219 71 109 115 1027 0 53 31 1028 86 90 85 
90 1058 339 185 217 1230 88 108 108 929 0 42 20 1027 1 55 32 1144 1 82 67 1031 94 88 88 
91 1062 360 210 243 1235 89 109 115 1029 1 56 34 929 0 43 23 1034 101 90 92 1144 4 85 70 
92 1248 102 111 117 1029 0 60 38 929 0 44 24 1149 8 81 71 1035 109 94 94 
93 1060 434 236 281 1030 0 57 39 929 0 44 26 1253 102 118 126 1151 12 82 72 1035 118 98 94 
94 1080 457 255 269 1257 123 129 121 1030 3 62 47 1162 18 72 72 927 1 45 27 1038 126 100 102 
95 1096 562 268 311 1031 4 62 47 1266 134 135 131 924 1 46 27 1166 19 75 75 1039 133 105 106 
96 1103 585 326 413 1277 145 139 135 1171 16 74 81 1029 7 65 49 923 1 48 29 1040 145 106 106 
97 1106 627 276 218 1287 153 143 138 1109 655 358 425 1175 24 75 80 924 1 48 32 1029 5 65 55 1041 155 110 115 
98 1141 841 349 218 1292 159 142 153 1123 710 356 307 1176 29 79 83 1027 6 69 55 923 2 48 32 1042 167 117 113 
99 1310 176 161 156 1142 779 356 295 924 1 48 35 1178 34 87 85 1028 6 73 58 1042 177 120 123 
100 1032 0 42 30 1165 901 390 180 1326 186 164 175 921 0 49 36 1031 6 69 62 1183 42 87 82 1047 192 127 128 
101 1031 0 43 30 1031 8 71 65 1337 197 172 184 921 7 50 36 1187 48 90 86 1051 204 130 144 
102 1032 0 42 30 1340 216 195 188 1031 11 69 64 920 7 52 38 1190 49 96 89 1053 226 138 134 
103 1028 0 46 32 1045 19 60 65 1359 236 215 198 1190 54 102 98 920 7 52 40 1059 236 142 154 
104 1029 0 51 33 1036 25 75 74 1381 261 221 209 1197 57 104 102 1063 260 147 157 921 8 53 42 
105 1400 267 243 235 1028 0 52 33 1034 25 81 77 1061 267 159 174 1206 68 102 99 919 9 52 44 
106 1427 296 259 261 1028 0 52 36 1033 31 86 73 1056 280 183 203 1212 73 99 106 915 10 55 46 
107 1442 312 297 294 1028 0 57 36 1035 36 85 70 1217 83 104 110 916 11 56 49 1061 315 199 184 
108 1452 342 358 340 1027 0 61 37 1037 27 77 89 1222 93 111 106 916 13 56 49 1067 340 203 212 
109 985 0 40 26 1499 416 351 307 1026 0 64 38 1228 100 117 107 1040 37 79 84 916 15 58 49 1067 369 218 219 
110 977 0 46 24 1030 5 57 49 1531 424 378 398 1238 112 119 120 1041 47 80 82 915 20 63 48 1087 401 222 241 
111 1031 0 63 39 975 0 48 27 1594 485 318 416 1026 7 73 52 1042 51 77 84 1243 118 127 119 912 21 65 52 1094 435 245 271 
112 1031 0 63 38 975 0 47 30 1627 535 300 478 1024 9 80 52 1042 58 84 87 911 19 67 61 1250 128 133 119 1110 491 251 280 
113 1124 0 56 18 976 0 45 32 1688 582 230 456 1023 6 84 59 911 22 67 61 1040 68 88 85 1256 135 138 134 1117 510 287 328 
114 968 1 45 29 1125 0 58 21 1750 649 170 420 1025 6 81 62 910 21 69 64 1266 151 148 132 1112 561 341 424 1041 77 90 86 
115 1819 740 100 311 968 2 46 31 1025 8 83 63 1133 0 54 24 1278 159 148 147 909 41 67 49 1141 626 350 444 1043 82 93 88 
116 969 4 44 29 1036 9 77 63 1293 170 155 158 1148 736 393 315 1135 0 53 26 906 44 73 49 1047 82 87 94 
117 1299 183 166 162 1030 6 84 74 967 0 49 34 1135 0 54 27 1156 803 409 268 905 46 75 50 1048 92 92 94 
118 1316 195 178 176 1188 906 390 171 966 0 49 36 1137 0 55 31 1030 11 85 76 905 49 75 50 1047 99 98 97 
119 1329 208 171 187 963 4 54 45 1140 0 57 34 1030 17 87 75 904 53 77 54 1049 104 104 102 
120 1340 240 189 183 961 5 55 46 1032 17 86 78 1142 0 59 36 900 55 83 61 1047 109 109 110 
121 1349 250 223 204 1032 26 90 80 1144 0 62 39 960 6 58 49 900 58 83 64 1050 118 106 118 
122 1365 262 235 240 1145 0 64 43 903 58 79 69 1032 24 95 88 958 7 59 52 1057 127 106 116 
123 1389 298 259 235 1156 0 57 43 901 69 79 64 1032 25 96 91 958 10 57 53 1058 139 108 123 
124 1406 315 278 275 1151 0 67 56 899 74 84 60 1035 34 95 87 956 14 59 53 1056 144 118 138 
125 1426 323 316 337 902 79 78 62 1155 0 66 59 1039 37 95 93 1061 155 120 135 956 15 57 54 
126 1459 367 316 324 901 84 77 63 1041 41 93 92 1158 0 70 61 1066 165 122 147 956 18 56 54 
127 1492 411 370 362 896 84 85 79 1067 182 127 145 1044 46 95 91 1161 2 73 61 956 20 56 54 
128 1513 473 405 381 1041 51 100 100 1072 191 130 165 952 25 58 54 1162 7 74 62 896 89 82 82 
129 84 0 107 39 1578 506 332 471 1069 189 136 182 948 31 60 64 1043 55 101 102 1166 10 72 65 892 94 86 85 
130 1617 552 297 529 1070 223 141 165 1044 57 102 113 1169 13 74 71 946 33 63 63 890 101 89 91 
131 1065 235 168 188 1682 647 237 430 1175 16 77 71 889 107 91 93 1048 67 106 118 944 37 63 63 
132 1747 705 179 382 1066 254 178 204 1176 15 81 78 1043 70 115 118 886 119 92 90 941 43 67 62 
133 1070 281 186 207 1182 24 82 84 1049 81 108 126 886 128 89 94 940 50 67 59 
134 1127 0 46 16 1072 304 205 227 1185 31 85 83 1049 92 110 132 936 56 71 62 881 135 97 102 
135 909 0 34 15 1126 0 46 20 1031 0 45 16 1092 342 197 223 933 62 71 61 1187 47 91 72 877 145 101 106 1047 97 116 137 
136 86 0 138 53 900 0 38 21 1100 366 205 252 1127 0 53 31 924 67 83 72 1032 0 46 20 1190 55 94 74 1055 113 110 137 875 159 102 110 
137 89 0 126 54 906 0 41 25 923 78 82 67 1196 60 92 78 1101 391 226 273 1130 0 54 37 1054 126 119 145 1032 0 48 25 876 167 102 114 
138 87 0 128 57 864 177 109 122 898 0 41 32 923 87 83 77 1104 439 248 291 1133 0 55 40 1202 66 95 86 1054 133 121 155 1034 0 45 30 
139 1110 457 234 205 87 0 127 60 921 98 82 77 897 0 42 36 1034 0 46 35 1207 84 101 81 1135 0 54 54 1060 152 127 155 1113 508 271 295 861 202 113 119 
140 1119 507 239 241 1075 0 34 23 90 0 121 65 1036 7 47 36 895 0 47 41 919 107 85 81 1213 85 100 92 1118 529 306 383 1058 158 141 164 852 219 123 131 1135 1 55 57 
141 1085 0 32 24 90 2 122 66 896 7 43 39 921 116 73 81 1134 579 327 430 1220 95 100 102 1035 9 49 39 1066 185 133 163 855 232 119 130 1135 7 60 55 
142 92 8 118 64 1088 0 44 27 1064 193 145 164 1222 107 107 100 919 131 74 74 895 12 41 43 1037 13 48 41 1146 634 349 445 846 251 127 142 1138 14 63 55 
143 340 0 83 38 93 13 119 65 1235 109 101 113 1146 750 404 292 1066 207 147 183 1089 0 48 35 893 20 47 46 914 136 81 90 1037 18 51 41 847 263 127 155 1137 18 71 66 
144 343 0 72 39 1025 0 37 19 1238 131 116 109 94 18 114 63 1148 30 57 64 1093 0 47 36 1038 24 51 44 1063 237 162 173 911 146 85 92 894 24 44 49 1159 798 391 276 842 287 130 148 
145 341 0 73 40 1028 0 35 25 1095 1 45 38 1247 139 114 119 95 22 112 65 1035 24 57 53 1062 250 178 197 891 28 46 49 1146 32 65 66 1185 903 396 172 907 162 88 87 840 302 133 160 
146 1034 20 56 56 1041 42 47 42 343 3 74 44 891 32 44 49 98 25 107 63 1024 0 41 30 1092 9 52 39 1254 161 122 113 1153 40 64 66 898 172 91 98 1064 273 193 208 829 328 145 164 
147 1264 171 134 116 1040 42 51 47 337 5 83 44 885 42 43 46 92 31 119 64 1025 0 46 33 1065 287 197 229 897 184 95 99 1094 13 52 48 1155 46 65 69 822 341 155 189 
148 432 10 63 33 1040 44 53 52 1025 0 46 35 337 8 83 42 881 48 47 50 95 35 115 61 890 197 101 103 1098 17 49 49 807 378 170 188 1073 315 199 233 1269 186 138 128 1154 51 70 77 
149 433 10 67 33 928 0 37 15 1046 58 55 48 335 13 82 41 1025 1 44 35 95 39 120 60 1098 24 49 47 1072 341 206 230 879 53 50 51 1163 57 66 83 888 206 104 111 789 411 184 198 1285 202 138 131 
150 929 0 38 19 1047 63 54 52 1029 7 42 38 437 12 67 33 335 19 83 40 96 43 118 61 1098 26 52 51 1289 203 140 146 875 60 52 52 1088 379 215 248 886 221 105 112 1164 69 71 72 786 447 187 200 
151 538 8 58 33 988 0 34 26 1046 65 57 55 931 0 36 24 1099 29 51 50 437 12 68 37 332 21 88 43 97 46 115 65 1028 8 41 39 1299 231 157 142 871 64 58 51 1093 398 240 259 886 235 103 118 1169 77 69 72 776 470 201 227 
152 989 0 38 29 540 10 55 33 930 0 36 27 1111 47 46 37 1046 77 55 45 1314 251 163 146 871 63 57 57 437 16 67 38 335 24 83 43 98 49 115 64 1028 13 42 40 1095 441 262 281 1172 83 72 76 882 250 103 123 764 514 211 238 
153 540 14 52 32 930 2 35 28 437 21 65 36 338 29 77 42 862 71 61 60 97 53 119 65 1112 53 47 39 1101 463 284 335 1177 91 73 74 1043 80 62 49 1340 259 153 169 1027 17 43 40 877 259 105 134 750 530 227 287 
154 539 17 52 33 931 5 33 26 438 23 66 36 338 32 79 44 1107 519 311 306 857 78 67 57 1179 100 74 74 98 58 120 62 1110 55 53 42 1042 85 64 52 1346 272 170 184 1027 20 43 40 872 278 111 140 724 586 255 290 
155 739 603 239 217 537 22 53 33 932 5 34 26 341 33 76 45 1358 288 188 198 440 27 64 37 1110 60 57 43 856 86 66 56 97 59 119 65 1108 556 342 387 1178 104 87 84 1042 95 67 52 1027 26 43 38 858 296 120 139 706 652 278 300 
156 721 661 257 232 1115 65 49 43 540 25 52 32 342 34 75 44 931 12 36 28 442 31 61 36 1133 586 353 455 98 61 116 65 851 95 64 57 1027 32 43 38 1379 328 202 198 1041 99 70 56 1182 113 83 79 856 306 122 159 689 671 294 402 
157 1122 67 53 46 541 28 50 31 1171 649 358 430 99 63 117 63 930 14 38 28 347 40 70 44 442 32 62 38 1026 33 43 38 850 101 66 55 1040 101 74 58 681 778 287 307 1401 341 218 218 1191 129 79 71 853 328 123 155 
158 989 15 36 30 653 920 286 158 1126 80 51 38 542 31 51 30 1029 34 42 36 444 36 60 36 1029 44 48 38 931 15 36 29 95 66 121 68 352 42 66 41 1157 760 417 311 848 99 67 63 1401 376 267 220 1197 129 82 78 1049 107 60 58 848 341 130 164 672 799 297 272 
159 1156 794 449 270 1029 30 40 35 543 33 51 30 988 16 37 33 445 37 59 37 1438 423 278 244 932 18 35 29 96 71 122 65 349 45 68 40 1127 84 54 42 846 108 63 59 1028 45 48 40 636 869 324 199 1203 136 82 84 837 371 139 164 1048 113 62 55 
160 444 38 62 37 541 36 51 30 652 972 270 106 987 16 40 37 933 20 34 29 97 71 118 68 345 47 73 40 1475 429 308 291 1127 85 57 46 1030 46 48 42 1048 122 64 53 843 117 65 54 822 393 150 182 1207 142 88 84 
161 989 21 37 34 445 37 61 39 540 37 53 32 933 23 32 27 96 74 122 65 343 50 75 40 1128 89 61 45 1483 465 355 313 1048 129 64 53 841 123 66 53 1030 51 46 41 815 411 157 188 1209 161 98 82 
162 441 46 60 34 987 25 39 36 541 39 52 31 935 27 29 25 1524 484 382 379 97 75 120 66 345 52 71 43 1046 134 72 55 1129 93 63 47 789 452 180 190 1214 160 98 90 837 128 66 53 1029 55 45 41 
163 541 40 52 31 986 29 43 37 442 47 59 34 935 30 31 25 98 79 120 64 344 56 73 42 1564 545 346 401 1133 99 62 48 1045 135 75 62 1218 171 103 94 780 469 194 216 833 131 67 59 1030 57 44 41 
164 985 32 42 34 539 41 55 30 443 47 62 37 935 31 33 27 100 81 117 69 343 57 74 43 1608 595 313 454 1137 101 64 53 1227 177 103 98 1053 144 65 59 825 136 76 61 1031 61 42 40 768 500 205 243 
165 983 33 46 35 1140 103 62 53 440 48 66 39 934 34 33 25 1681 658 235 422 99 83 120 67 341 58 77 44 1234 183 108 102 818 138 81 68 763 531 204 255 1052 150 70 56 1030 65 44 39 
166 983 32 48 38 542 47 53 33 1734 715 193 374 441 51 64 38 1142 116 60 45 934 33 33 28 344 61 73 43 748 572 210 272 99 85 121 64 1249 197 103 109 1029 67 45 41 815 141 85 66 1051 155 72 57 
167 1813 812 107 256 983 31 45 39 541 49 53 32 935 35 31 27 441 56 61 36 346 63 70 41 100 88 119 63 1145 119 62 48 1029 67 44 43 715 606 250 326 1050 160 75 60 1258 208 106 107 812 148 85 63 
168 987 32 42 36 543 51 52 32 1029 67 42 42 442 58 60 36 347 65 67 40 934 35 33 28 99 91 121 63 1153 121 64 50 811 153 84 65 698 659 261 360 1261 217 114 112 1027 80 49 42 1049 164 81 65 
169 1039 25 33 25 989 31 41 38 984 50 39 30 540 52 53 32 348 68 68 41 441 59 62 36 933 35 34 30 1050 165 79 74 99 93 120 62 1270 235 126 112 1153 124 68 54 806 159 77 73 681 705 275 363 1026 83 51 44 
170 1036 26 34 24 987 52 39 29 1099 52 35 26 539 53 55 32 346 70 71 41 933 39 34 27 441 60 63 36 99 96 121 60 1281 248 124 114 804 162 80 78 1151 130 76 59 675 757 283 323 1051 179 81 68 1027 85 49 44 
171 1097 54 36 29 540 55 53 32 933 38 34 28 983 52 42 33 799 165 76 74 347 71 70 41 440 62 64 36 1288 252 129 124 98 96 123 64 1149 134 85 60 626 831 316 245 1052 184 77 66 1026 88 53 43 
172 1038 30 30 24 932 49 32 26 648 918 276 151 1095 56 39 31 934 40 33 27 540 58 54 31 347 71 69 42 1155 143 82 59 983 55 44 35 441 63 63 36 791 177 80 70 1298 268 147 130 98 96 118 65 1054 192 75 65 1026 93 53 41 
173 933 49 33 26 935 40 33 26 538 59 55 31 346 72 70 42 1095 58 40 32 442 65 61 35 1310 282 146 135 981 54 46 37 98 97 116 63 785 185 83 64 1053 199 78 67 1158 147 84 55 1026 93 52 44 
174 934 39 34 28 538 61 53 31 347 72 68 40 932 49 34 27 1097 60 40 31 1325 295 160 154 443 67 59 35 982 56 46 37 99 98 115 63 780 190 84 66 1055 203 85 73 1166 152 80 56 1025 97 54 45 
175 1040 30 32 26 649 53 61 32 934 39 33 28 350 80 64 40 538 62 53 31 932 50 34 27 1344 307 148 159 1098 61 41 31 443 67 59 36 982 57 45 39 98 98 114 64 776 186 84 80 1055 208 85 76 1023 100 53 43 1170 156 78 59 
176 648 53 62 31 1036 29 36 29 1029 115 52 43 984 59 42 36 1099 62 39 31 537 63 55 30 349 79 66 40 932 51 35 28 1353 332 168 159 442 68 61 36 98 99 113 64 772 201 86 70 1169 157 87 67 1023 99 53 45 1057 212 85 81 
177 1036 31 33 28 985 59 41 38 537 65 55 30 1360 344 200 178 348 79 68 41 930 51 36 27 1101 64 39 31 1171 162 87 71 443 69 61 37 92 103 121 65 766 209 84 67 1023 99 54 49 1057 220 86 81 
178 985 59 41 36 1037 31 32 26 538 65 54 29 931 52 35 27 1384 382 204 177 349 79 67 40 1101 66 39 31 442 70 62 38 1179 172 86 62 1023 100 52 50 92 104 124 64 1027 114 56 49 759 210 90 76 1057 232 91 84 
179 1037 31 32 25 987 61 40 35 537 66 54 29 1100 67 41 31 931 52 35 28 1404 393 215 190 1022 98 51 46 351 80 65 39 442 70 61 38 92 104 124 63 1179 175 93 69 750 214 92 85 1024 116 61 49 1057 239 93 80 
180 1030 57 33 27 1423 417 235 209 1036 32 32 25 988 60 37 33 1023 98 50 44 1101 69 40 32 538 67 55 29 932 53 34 28 443 71 61 39 349 81 67 39 91 104 124 64 1183 176 96 77 744 220 95 83 1023 121 65 47 1058 242 93 87 
181 1024 100 47 42 987 60 36 33 1033 56 31 26 1222 20 45 41 1446 447 275 231 1037 32 33 26 1101 71 41 34 538 68 54 29 932 54 33 28 443 72 61 38 348 80 68 40 91 104 123 64 1189 180 95 80 1057 250 96 93 1023 123 67 49 737 231 98 81 
182 989 59 32 35 1035 55 31 28 1039 31 31 26 1220 20 49 43 1102 72 42 35 1474 480 315 273 538 68 55 29 933 55 34 28 443 72 60 38 347 80 69 40 92 105 120 63 1022 122 66 54 733 236 99 83 1200 191 95 74 1059 261 101 93 
183 1041 31 30 23 1513 504 329 304 1035 56 32 27 989 59 31 35 1220 19 50 42 1104 73 42 36 538 68 54 29 933 55 34 28 443 72 60 38 727 241 100 88 347 81 70 40 93 106 118 62 1060 264 100 99 1201 201 101 73 1018 123 70 58 
184 1042 34 27 21 989 58 32 34 1105 73 41 36 1038 55 31 27 1545 563 353 311 538 68 54 29 933 55 34 28 442 72 60 39 346 81 69 40 1212 202 90 78 714 247 103 94 94 106 116 62 1014 125 73 56 1061 272 103 106 
185 1040 32 28 22 990 59 29 33 1105 74 40 35 1038 56 31 28 934 55 34 29 538 68 54 29 443 72 60 39 1015 124 63 58 345 81 70 41 1212 207 100 92 94 106 114 62 705 258 108 88 1060 283 107 108 
186 1105 73 39 36 1039 31 27 21 992 58 29 33 1642 639 276 430 1030 153 60 45 1111 84 44 32 1036 56 33 29 935 55 34 29 538 68 53 29 442 72 60 39 1011 124 67 60 346 81 69 40 94 107 115 62 1217 216 107 89 703 262 105 94 1060 293 109 110 
187 1037 29 29 20 992 59 32 32 1694 709 227 367 972 90 43 35 1031 153 62 48 935 55 32 29 1035 57 34 29 1110 85 45 32 538 69 53 30 1011 122 62 63 442 73 60 39 345 82 70 40 695 266 103 96 94 107 115 61 1061 305 111 112 1221 227 115 86 
188 973 90 42 35 994 59 32 32 1036 28 30 21 935 54 32 30 1033 151 64 56 1036 57 35 31 538 69 53 30 1010 122 59 63 1110 85 47 32 442 73 60 39 346 82 69 40 94 107 115 61 679 274 111 104 1231 229 112 94 1063 317 117 118 
189 996 60 29 30 1036 29 29 20 972 91 42 36 538 69 53 30 1008 124 57 54 935 54 33 30 1112 86 47 33 442 73 60 39 1039 155 67 53 1034 57 36 32 346 82 69 40 1245 241 110 97 94 107 115 61 673 280 117 107 1064 328 122 119 
190 1037 28 29 21 997 60 28 30 972 91 42 36 1008 127 55 47 1112 88 46 33 539 69 52 29 936 53 34 33 442 73 59 39 1035 58 35 32 346 82 69 40 1039 160 69 52 93 108 115 61 1256 251 111 95 1061 341 131 129 663 289 117 112 
191 995 60 28 30 970 91 45 39 1114 87 47 36 539 70 52 29 443 73 59 39 936 53 34 33 1036 59 36 32 1001 125 59 48 345 82 70 40 1039 164 72 55 93 108 117 61 653 290 118 122 1257 259 125 96 1074 351 123 144 
192 995 60 30 30 1038 58 35 31 539 70 52 29 443 73 59 38 937 53 34 33 1001 127 58 46 345 83 70 40 1039 167 78 60 92 108 117 60 641 315 127 108 1272 274 125 101 1074 366 128 143 
193 1038 58 35 33 539 70 52 30 443 73 58 38 1127 93 47 36 936 53 35 33 345 83 70 39 999 131 59 46 1039 169 78 62 92 109 117 59 1282 283 131 104 625 324 131 119 1073 380 133 157 
194 1244 25 49 47 982 90 38 38 1038 58 36 33 539 70 52 30 444 73 59 38 935 55 37 34 1133 94 44 36 1042 172 75 61 345 83 70 40 998 134 58 48 92 109 117 59 1288 289 139 116 608 335 136 122 1077 398 140 160 
195 971 98 44 39 957 58 29 29 981 90 40 38 1245 25 49 47 539 70 52 30 444 73 58 38 934 56 38 32 1036 61 39 33 344 83 70 39 1135 96 45 37 994 138 57 48 92 109 118 60 1040 176 79 70 1301 307 146 115 597 346 142 123 1081 417 145 160 
196 1035 26 28 22 971 98 44 38 981 89 41 38 956 58 31 30 1246 25 50 52 539 70 52 30 936 56 37 31 444 73 58 38 1036 61 39 34 1136 97 45 38 344 83 71 40 994 138 56 53 92 109 117 60 1318 319 147 120 1038 183 88 64 1079 441 158 168 577 357 149 135 
197 1070 32 26 24 1036 27 28 21 972 101 43 37 981 91 40 40 992 136 49 54 955 58 30 31 1246 27 54 48 540 70 52 30 938 57 32 31 1037 59 39 38 445 74 57 38 344 83 71 40 1139 99 44 38 987 146 69 59 91 109 118 60 1041 190 84 61 1328 330 157 137 558 376 153 129 1083 462 171 176 
198 998 62 34 32 1075 55 32 29 1251 26 53 50 1036 27 28 20 982 93 42 39 954 57 32 32 939 57 31 30 541 70 51 30 1035 59 42 39 445 73 57 38 344 83 70 40 1140 101 46 40 91 109 118 61 1342 344 163 144 545 386 152 151 1046 195 80 61 988 148 64 59 1075 483 189 190 
199 972 106 42 37 998 62 35 32 1253 28 53 47 982 95 43 38 939 58 32 30 954 58 33 33 1035 59 44 39 541 70 51 30 446 74 56 38 344 83 71 40 1141 103 48 42 1048 201 80 67 91 109 117 62 1359 359 172 152 522 406 164 141 983 152 66 57 1074 499 198 215 
200 1252 28 58 49 1037 28 29 22 997 63 35 32 939 58 30 30 981 96 46 39 971 106 44 41 954 59 33 33 541 70 52 31 446 74 56 38 345 83 71 40 1142 104 51 43 1050 204 84 71 492 415 188 160 91 109 117 62 1364 385 194 143 980 156 69 57 1093 537 194 215 
201 969 118 47 36 998 64 34 32 1036 29 28 22 983 95 45 40 953 59 32 32 542 71 53 32 446 74 57 38 345 83 71 40 1146 105 51 43 1052 210 85 71 91 108 116 63 976 161 74 60 473 430 207 176 1388 396 192 175 1099 563 202 232 
202 1094 59 39 26 1036 29 28 21 968 118 49 38 998 64 32 30 981 95 46 39 952 59 33 32 542 71 53 32 446 74 57 38 344 83 71 40 1149 105 51 45 91 108 116 64 445 462 210 168 1057 217 85 73 974 165 75 62 1407 414 208 185 1107 604 217 253 
203 1037 30 29 21 1096 58 36 25 986 96 42 36 542 71 53 33 996 66 34 30 446 74 57 37 952 60 34 33 966 119 52 39 1151 106 49 45 345 83 71 40 413 477 225 183 91 108 116 63 1059 223 86 75 974 169 72 68 1423 433 230 198 1112 632 230 286 
204 1072 68 37 31 1056 86 40 29 1156 119 44 35 1037 32 29 21 998 65 32 30 542 71 52 33 447 74 56 38 988 98 39 36 1100 61 35 26 967 119 53 39 951 59 36 35 346 83 70 40 91 109 117 63 1059 237 92 73 967 171 78 77 387 501 235 191 1447 471 249 198 1119 698 252 294 
205 1072 30 26 20 1036 32 29 22 999 63 31 31 447 75 56 37 989 97 38 36 1056 86 43 30 543 71 52 33 1101 62 37 27 967 121 53 42 952 59 37 37 345 84 71 40 1155 116 60 44 1060 245 99 75 91 109 118 63 347 528 258 200 1468 506 290 227 962 178 85 71 1127 728 278 330 
206 1037 33 28 21 1072 30 26 20 999 61 32 30 447 75 56 37 543 72 52 34 1057 86 41 30 1104 64 35 26 989 98 40 34 975 124 53 41 345 84 72 40 954 60 36 35 301 564 274 207 90 109 119 63 1161 119 56 44 1503 530 306 255 1061 245 99 85 959 184 90 67 1138 780 291 305 
207 1039 33 27 21 1073 31 25 20 999 62 32 31 448 75 56 37 543 73 51 33 974 126 55 41 1058 87 41 30 990 96 41 35 344 85 73 40 1105 64 34 26 955 61 36 34 1520 561 372 288 90 109 120 62 265 573 291 247 959 188 89 67 1166 121 56 45 1064 251 101 92 1125 826 333 251 
208 1072 31 25 19 1040 33 27 21 1000 61 33 33 448 75 56 37 544 74 51 33 990 95 41 37 1058 87 40 32 224 603 302 282 344 85 72 40 1566 607 349 295 1144 894 320 191 955 62 37 35 1107 63 35 28 971 125 61 46 960 194 84 67 90 110 121 62 1069 261 100 92 1169 122 55 46 
209 1071 31 25 20 1040 31 28 22 448 75 56 36 1003 58 32 33 989 97 43 37 1160 953 302 116 544 74 52 33 1057 87 43 33 344 85 71 40 1609 657 306 320 1108 64 36 28 971 123 62 49 955 60 37 35 155 638 341 293 89 110 122 61 959 202 82 74 1072 270 104 102 1172 125 55 47 
210 1071 31 24 19 989 97 42 35 1041 33 29 21 448 75 56 36 1004 60 32 33 545 74 52 33 342 86 74 39 99 681 356 324 1109 67 37 28 1058 90 43 31 956 61 36 34 973 126 59 45 1660 720 265 348 89 110 122 61 957 211 84 72 1068 280 114 103 1178 131 54 45 
211 1036 55 32 25 1071 31 25 19 1004 59 31 32 1043 31 28 21 990 98 44 37 448 75 56 36 1726 748 194 296 545 75 51 32 1059 90 43 32 27 743 413 344 342 86 74 39 957 60 37 34 1110 67 37 29 954 215 88 80 974 128 59 49 88 111 124 60 1182 132 54 47 1070 292 117 104 
212 989 100 43 37 1007 59 30 34 448 75 56 36 1034 55 32 27 1793 821 127 259 546 75 50 32 0 776 384 310 1061 92 44 33 341 86 76 39 956 61 36 33 1184 133 57 54 973 129 63 48 88 111 124 60 1112 68 39 29 953 222 81 80 1074 305 119 110 
213 987 104 45 36 448 75 57 37 1033 55 32 28 1185 134 59 56 546 75 50 31 0 826 334 252 341 86 77 39 1064 93 43 32 979 130 58 46 957 62 37 33 1115 69 37 29 88 112 124 60 1075 316 123 109 951 238 85 76 
214 969 147 62 52 448 75 57 38 987 105 47 35 1032 55 33 28 546 75 50 31 1193 134 58 64 1067 92 42 33 959 63 38 32 1117 69 37 30 982 129 57 49 340 87 79 39 88 112 124 60 1086 331 124 112 945 242 92 81 
215 1072 33 25 21 988 104 46 36 448 75 57 37 1031 55 31 29 1120 70 36 29 546 76 51 31 965 144 70 59 1068 93 43 35 985 129 56 50 962 62 37 35 340 87 79 39 88 112 124 59 1199 146 64 57 940 247 93 89 1085 339 136 127 
216 970 93 40 37 1073 34 24 21 1040 31 27 21 448 75 58 37 1128 73 39 28 1030 55 31 29 990 126 53 49 547 76 51 31 962 61 37 36 340 87 79 39 1068 95 44 34 963 148 75 57 88 112 123 58 1201 150 69 54 930 253 108 94 1090 352 139 144 
217 1039 30 27 20 1011 57 32 39 969 91 40 40 1074 33 24 21 442 82 62 35 1028 55 33 31 994 125 51 48 547 76 51 30 1131 73 38 31 341 88 78 39 962 61 37 36 1069 99 44 34 88 112 123 59 966 147 74 59 1205 154 71 54 1094 377 145 129 926 264 106 99 
218 1075 33 24 20 453 74 58 36 969 95 39 37 999 123 49 47 549 76 51 30 1133 75 38 31 1026 58 34 33 341 88 80 39 962 61 37 34 964 151 77 56 88 112 124 60 1071 102 45 35 1212 158 71 56 1103 386 142 151 926 272 105 107 
219 453 74 59 36 999 123 51 43 550 76 52 31 1026 58 35 31 963 61 37 34 342 88 78 39 1132 75 39 32 967 156 75 55 1214 160 75 63 1103 407 151 157 88 112 124 61 1069 104 47 36 923 288 107 103 
220 453 74 59 37 967 99 41 39 999 124 51 47 550 76 52 31 1025 61 36 35 1218 164 79 67 1134 76 40 32 963 62 37 36 343 88 78 39 1106 428 167 160 1071 106 46 36 967 158 78 57 87 112 125 61 918 298 109 109 
221 1065 56 29 24 453 74 59 37 967 96 41 41 550 76 52 31 1136 76 39 32 1025 63 38 33 998 127 53 45 964 64 37 36 344 88 78 39 1072 109 44 35 1219 167 85 69 87 113 125 61 968 161 78 60 1117 445 157 173 914 312 109 111 
222 1066 55 29 24 453 74 59 37 966 96 43 44 551 76 51 32 1141 82 41 32 1027 63 38 32 1001 125 51 48 1076 109 44 39 966 64 37 34 1234 176 74 67 343 88 80 39 87 113 126 62 967 164 83 65 906 329 114 117 1113 478 183 180 
223 1064 56 30 26 454 74 58 37 553 77 51 31 965 95 44 47 1078 109 44 40 1002 128 50 46 1026 66 38 33 1143 82 40 33 967 63 37 35 342 89 82 39 969 166 82 68 87 113 126 64 1238 181 76 63 894 342 122 121 1112 502 196 200 
224 442 84 64 33 1066 57 31 28 454 74 58 36 1080 118 44 35 554 77 51 31 1002 130 48 45 964 94 46 50 968 64 36 34 1145 83 40 33 1027 66 36 34 968 176 75 67 342 90 84 40 86 113 127 64 1246 183 80 70 890 356 127 140 1135 538 202 205 
225 962 119 47 38 455 75 58 36 1067 57 32 29 982 165 69 62 555 77 52 30 1081 119 44 35 963 94 46 51 969 64 35 33 1249 180 81 78 1000 132 51 44 1029 66 34 32 1147 84 41 32 342 90 86 40 86 113 128 64 967 179 79 65 1138 578 218 226 878 378 133 129 
226 987 162 65 56 1068 58 32 28 962 120 50 38 455 75 58 36 998 134 52 44 1080 119 47 36 962 94 49 54 556 78 52 30 970 63 34 32 1029 65 33 33 1255 194 89 72 1148 86 42 33 343 91 85 41 86 113 127 65 970 183 77 62 871 403 136 136 1130 608 243 257 
227 992 159 61 49 1019 86 42 34 998 137 52 47 456 75 57 36 961 94 50 57 557 78 51 30 961 120 51 41 970 63 35 31 1071 58 31 27 1029 64 33 33 1079 121 62 38 343 92 85 41 1150 87 42 34 86 113 127 65 1260 200 88 72 965 187 86 61 860 418 145 158 1158 653 253 276 
228 1001 139 51 47 1019 87 42 35 454 81 62 36 557 78 51 31 995 156 62 48 960 93 50 60 960 120 51 41 972 63 35 33 1071 58 30 25 1032 64 31 31 1268 204 90 73 344 93 84 41 1153 87 42 35 1080 123 63 40 87 113 125 65 966 189 84 63 848 444 155 167 1161 695 279 319 
229 1107 39 27 21 961 94 49 57 558 77 52 31 454 82 62 36 1021 87 41 35 972 63 37 34 1034 63 30 30 996 155 62 47 1072 59 31 26 958 120 52 42 344 92 85 41 1162 750 314 336 1154 89 43 37 87 113 125 65 1277 213 94 77 964 197 89 65 1083 125 60 40 838 480 157 163 
230 1108 40 26 20 558 78 51 31 455 82 61 36 1034 65 29 28 972 65 37 32 1021 89 42 35 1072 59 32 26 1153 91 47 37 994 158 67 46 345 92 85 42 957 123 54 43 88 113 123 65 962 199 94 69 1286 218 93 84 1083 128 61 40 1192 804 321 271 813 501 188 186 
231 985 61 37 31 1108 40 27 20 558 77 51 32 455 82 61 36 1034 63 30 29 972 64 39 32 1021 90 43 36 1161 92 47 36 1073 59 33 27 345 92 84 42 972 200 78 73 87 113 124 66 1188 872 332 197 991 160 71 46 955 127 54 42 1085 128 61 44 1290 228 99 85 797 538 192 196 
232 1109 40 26 20 559 77 52 32 455 82 62 37 973 65 38 31 1036 62 30 28 1072 60 35 28 1211 941 335 125 345 92 84 42 1024 90 42 38 87 113 124 67 779 571 202 219 954 128 56 45 1162 94 49 37 956 212 98 71 989 163 74 45 1297 232 101 89 1084 133 63 43 
233 1110 40 26 20 558 76 53 33 455 82 62 37 974 65 35 30 1026 93 41 36 1037 61 29 28 1071 61 38 29 345 93 85 42 87 113 124 67 1307 244 105 92 949 130 62 44 988 167 75 43 1164 96 49 38 957 218 98 67 1085 136 64 44 765 624 207 232 
234 1111 40 27 21 558 76 55 34 975 65 34 29 455 82 63 37 1037 62 28 27 984 62 37 31 1025 97 41 34 345 93 84 42 1071 61 38 30 87 113 124 68 1322 250 100 94 958 223 96 67 1088 139 63 45 949 132 60 43 988 168 73 44 1168 96 47 41 720 671 252 263 
235 975 64 33 29 558 76 55 35 1037 62 27 27 455 82 63 36 985 62 37 31 1025 98 40 35 345 94 84 42 1072 61 38 30 86 113 125 68 987 171 74 45 1089 140 63 46 962 216 87 79 948 133 61 43 1328 261 105 96 1171 98 45 41 691 719 276 319 
236 976 65 32 28 558 76 56 35 1036 60 27 28 456 82 62 36 985 62 37 31 1027 96 41 37 345 94 85 42 1074 61 37 31 86 113 126 70 1088 142 66 49 1335 262 109 102 987 172 75 52 945 134 64 45 961 228 88 77 1174 99 44 42 656 785 291 302 
237 1113 37 24 22 559 76 55 35 1035 60 28 29 457 82 62 36 986 63 36 31 635 872 307 203 1027 97 42 38 344 94 85 42 86 113 125 70 1093 148 61 49 1074 61 38 32 1347 282 119 99 941 137 65 46 988 174 73 51 963 235 85 80 1176 98 44 44 
238 1114 37 24 22 559 76 55 35 1035 60 29 30 456 82 63 37 985 64 38 32 990 177 68 49 86 113 126 70 343 94 87 42 1074 61 39 33 1027 98 42 40 939 140 67 45 1353 292 124 107 1095 147 61 55 956 245 93 79 1178 102 44 43 
239 1114 37 24 21 559 76 55 35 1036 60 28 30 456 82 64 36 984 63 38 32 1075 62 39 33 86 113 126 71 343 94 87 42 1026 100 43 40 982 187 70 53 936 140 65 48 1358 308 140 108 1180 104 45 43 1097 151 60 53 955 250 92 83 
240 1114 36 24 21 559 76 54 34 1036 60 28 30 1077 64 37 32 457 82 63 36 984 63 39 34 1376 317 139 108 935 143 65 45 85 114 127 72 343 94 86 42 1026 102 42 40 1181 105 48 44 978 188 72 55 956 253 89 83 1096 154 63 53 
241 560 76 54 34 1037 62 28 30 1077 64 38 33 932 152 66 43 457 82 64 37 984 64 41 33 85 114 127 72 343 94 87 42 1028 103 40 38 1388 337 147 116 1184 105 48 44 955 261 92 85 969 190 85 57 1096 157 66 54 
242 560 76 54 34 1037 63 29 31 1075 63 40 34 928 150 70 49 457 82 63 36 1185 104 48 48 985 64 41 33 86 114 126 72 344 94 86 42 1028 103 40 39 1403 339 152 131 953 270 94 83 1098 160 66 55 967 191 90 58 
243 559 77 54 34 1108 62 27 24 1037 65 29 31 1075 62 40 36 925 156 64 49 1188 104 46 46 457 82 64 36 1030 103 38 39 987 66 39 32 86 114 126 71 344 95 85 42 1418 368 158 130 948 282 100 84 1098 160 69 59 966 196 89 58 
244 559 77 55 34 1079 65 38 33 1107 63 28 24 1036 66 29 31 1019 118 48 38 1029 101 40 43 457 82 64 36 988 66 38 32 1189 117 45 40 85 114 127 72 344 95 85 42 1426 378 165 134 921 158 70 51 944 279 98 103 1098 164 73 63 965 199 85 61 
245 559 77 55 34 1036 67 31 31 1106 64 28 23 1018 117 49 40 1029 99 40 44 457 82 64 36 988 66 38 32 85 114 127 72 345 95 83 42 1190 118 47 43 1447 404 179 137 917 159 74 53 1098 168 74 64 959 200 92 66 934 289 109 100 
246 559 77 55 34 1035 66 31 32 1105 66 30 24 1028 99 42 46 457 82 64 36 1013 117 53 43 988 66 38 32 86 114 126 72 345 95 83 42 1189 117 48 46 1097 166 77 71 962 203 86 67 1463 411 187 168 916 163 71 53 932 296 110 107 
247 1107 65 30 24 1037 67 30 32 1029 98 39 42 457 82 64 37 988 66 36 31 1101 177 75 68 1014 119 52 43 86 114 126 72 345 94 83 43 953 209 95 76 1195 118 53 49 912 165 73 54 927 308 111 110 1484 430 187 180 
248 1141 56 27 20 1032 93 37 40 1106 67 31 26 1038 68 31 32 458 82 62 37 989 67 34 30 85 114 127 73 950 212 99 74 346 94 82 43 1100 178 81 73 1014 121 53 44 907 166 80 60 1508 459 215 183 1195 118 57 51 924 317 115 110 
249 682 63 62 32 1141 56 27 21 1106 68 31 26 1038 67 30 32 1102 184 76 69 458 82 62 37 989 66 34 30 85 114 127 72 345 95 83 43 1014 121 52 44 900 170 85 60 951 215 86 83 1533 478 215 204 1199 119 55 54 923 326 115 119 
250 1077 30 26 18 1094 85 37 27 681 63 63 32 1105 70 31 26 1038 67 30 31 458 82 63 37 990 67 33 30 1106 188 84 67 85 114 127 73 1546 517 270 216 345 94 84 43 1009 121 58 46 891 170 91 61 919 339 115 120 1200 122 55 54 951 217 85 84 
251 680 62 65 32 1095 85 36 26 1106 70 31 25 1039 68 29 30 1584 539 286 257 457 82 63 37 892 168 84 70 1105 189 86 74 1008 122 59 45 85 114 127 73 989 67 33 30 345 94 84 43 914 350 121 130 1203 123 55 56 948 228 89 76 
252 680 62 63 33 1038 68 29 31 1106 67 32 27 1095 85 38 27 1610 578 304 275 458 82 63 37 885 177 86 65 85 114 127 73 345 94 84 43 990 67 34 30 1010 125 56 44 1106 199 87 72 909 358 124 134 1203 126 59 57 946 234 89 81 
253 1113 37 24 18 1142 57 26 21 681 60 61 34 1109 68 30 26 1038 67 29 31 1095 85 38 28 1647 614 275 326 458 82 63 36 79 115 129 74 882 177 87 66 346 94 82 43 990 67 32 30 1011 127 55 46 901 377 129 131 1109 203 85 75 1206 131 59 56 942 239 93 78 
254 1113 38 25 19 1036 86 35 41 1109 67 31 26 681 60 61 34 1142 57 27 22 1687 647 237 363 1038 66 31 33 1094 85 40 29 458 82 62 36 880 175 79 75 85 114 127 72 345 94 83 43 1012 129 52 45 990 67 32 30 932 243 97 88 896 389 135 140 1108 208 89 79 1208 136 58 55 
255 1037 84 34 40 680 60 59 34 1109 65 31 27 1747 704 173 361 1142 58 28 22 1038 67 31 33 1093 85 39 30 458 82 63 36 1007 133 58 47 85 114 127 72 871 191 87 66 884 409 139 140 346 94 82 43 990 68 32 29 929 250 99 85 1110 215 90 82 1208 136 64 58 
256 683 60 54 33 1038 83 34 41 1808 782 114 285 1038 67 31 33 1141 57 29 23 458 82 62 36 1094 86 40 31 1006 134 58 52 79 115 129 74 867 187 83 79 346 94 82 43 989 67 33 30 878 418 146 154 1213 136 60 60 1111 221 92 82 924 249 102 97 
257 1040 82 34 40 1079 34 26 19 1039 67 31 33 1141 58 28 23 458 82 62 36 1005 136 60 53 85 114 128 72 346 95 82 43 1094 87 41 32 990 68 32 29 858 193 86 75 1216 143 56 61 865 444 159 152 924 257 100 98 1112 231 94 84 
258 1078 34 26 18 1038 83 33 38 1038 67 30 33 1142 61 28 24 1006 137 58 54 459 82 62 36 85 114 128 72 856 464 170 163 346 95 82 43 1094 87 40 34 990 68 33 30 1218 142 62 66 849 200 93 72 917 263 102 98 1115 233 92 89 
259 1079 34 26 18 1038 67 29 33 1036 85 34 37 1142 61 29 25 1003 133 64 63 458 82 62 36 85 114 128 72 346 95 83 43 1095 89 42 33 990 67 34 30 842 479 188 178 914 270 102 106 1115 242 95 93 1217 143 69 71 846 202 92 76 
260 1080 34 26 18 1037 66 31 34 1033 85 35 38 1003 134 58 65 1143 62 29 25 458 82 62 36 85 114 128 72 346 95 82 43 840 213 96 70 990 67 34 31 1218 147 79 66 1096 90 42 33 910 277 106 108 1113 245 100 100 828 496 197 199 
261 1079 34 27 19 1036 65 32 34 1032 84 37 39 1003 148 56 51 459 82 62 36 1142 62 31 26 85 114 128 72 347 95 81 42 910 284 104 111 990 67 35 31 1096 90 43 33 836 211 90 80 1220 149 80 69 1117 252 105 104 816 528 201 196 
262 1080 34 27 19 1035 64 33 34 459 82 62 36 1031 85 40 41 1142 62 31 27 85 114 129 72 1002 150 56 51 347 95 81 42 1097 91 43 34 990 66 35 32 1121 258 104 106 827 218 94 85 896 288 113 122 1220 151 84 72 801 561 207 205 
263 1080 35 26 18 1036 64 32 32 458 82 62 36 1143 62 30 27 1030 87 40 41 85 114 129 72 347 95 81 42 1098 91 42 34 991 66 35 32 999 152 59 50 817 222 104 89 891 303 117 117 1122 276 105 104 1224 158 81 71 786 589 217 222 
264 1080 35 27 19 1037 63 32 32 458 82 63 36 1142 61 31 27 1029 88 40 39 85 114 128 72 347 94 82 43 998 154 60 51 1099 94 43 32 991 65 35 32 812 227 98 92 888 309 118 126 1122 283 111 110 1231 162 79 72 769 627 224 235 
265 1079 34 29 20 1036 64 33 33 458 82 62 36 1142 61 32 28 1029 87 40 40 85 113 128 72 346 94 83 43 991 64 35 32 762 660 223 275 804 233 98 88 1101 93 43 34 995 158 63 50 1238 163 73 77 1121 289 113 119 879 319 123 132 
266 556 73 76 39 1078 32 30 21 1037 64 33 32 459 81 62 37 1143 62 33 28 1029 88 40 40 796 241 100 97 85 113 128 71 1244 162 74 80 346 93 84 44 875 328 119 139 1101 94 43 33 991 63 35 32 995 158 63 52 1121 306 125 117 727 696 256 302 
267 557 73 75 39 1078 33 31 21 1038 62 32 32 459 81 62 36 1143 62 34 29 1028 91 40 39 346 93 84 44 85 112 128 71 784 249 106 95 1247 172 76 84 1102 95 44 33 990 63 37 33 995 161 62 51 868 343 125 135 704 728 283 339 1123 315 125 125 
268 556 73 76 38 1078 34 30 22 1039 59 32 31 459 81 62 36 1144 61 35 31 1252 175 75 82 1026 93 42 39 346 93 85 44 85 112 128 69 847 349 142 150 1101 94 45 35 990 62 37 33 774 257 109 94 994 162 63 52 1122 327 133 138 692 768 294 315 
269 556 72 76 38 1078 35 30 22 1040 58 33 31 459 81 62 36 1144 61 37 31 1025 97 43 37 347 92 85 43 679 829 304 244 85 112 129 68 1254 175 84 89 848 370 137 142 1102 96 44 34 989 61 38 34 1128 337 136 140 764 262 113 97 993 164 66 56 
270 556 72 76 38 1079 34 30 23 463 75 55 36 1040 56 34 33 1144 60 38 32 347 92 86 43 639 893 325 191 1022 99 45 40 84 112 130 67 1103 99 44 34 750 271 116 104 1254 180 89 87 989 59 39 35 989 166 70 60 1130 342 144 159 840 375 143 157 
271 557 72 74 37 1079 32 31 23 463 75 55 36 632 942 325 122 1040 57 35 33 346 91 87 43 1144 61 40 33 84 111 130 66 989 60 39 35 1020 101 45 39 832 380 146 158 738 279 124 102 986 169 73 60 1102 103 48 34 1134 369 148 147 1258 188 91 82 
272 558 72 72 37 1079 32 31 23 464 75 55 36 1041 58 34 32 345 90 89 43 1144 61 41 33 1135 389 156 162 84 110 130 66 981 170 75 65 988 60 40 36 1018 98 46 42 1102 105 50 35 1262 194 99 83 824 404 151 163 725 283 125 113 
273 559 71 71 36 1078 32 30 22 464 75 54 35 1042 59 33 33 979 177 71 66 784 424 186 180 344 89 90 44 1143 60 42 33 988 60 39 37 84 110 130 66 1017 99 47 41 1101 106 52 35 1272 199 95 83 713 292 130 116 1126 396 188 177 
274 560 75 54 32 1077 31 30 22 464 75 54 35 1042 58 33 33 345 88 89 45 784 431 180 199 1144 60 42 34 85 109 128 67 988 60 39 37 1101 108 54 38 1016 99 47 43 1277 203 96 93 977 179 75 64 1134 410 191 190 693 301 137 119 
275 560 75 54 32 1077 30 31 22 464 74 55 35 1042 59 34 32 346 87 87 44 1144 60 42 33 777 457 184 193 988 60 38 36 1101 108 55 39 85 109 128 66 1014 99 49 45 678 309 139 121 1283 211 100 91 973 183 82 61 1141 426 195 210 
276 559 74 55 31 1076 29 31 22 463 75 55 35 1042 59 35 33 347 86 85 43 1144 59 43 33 989 60 37 36 1102 109 55 39 1013 100 50 46 86 109 127 63 664 319 139 134 1290 214 103 95 765 481 199 207 970 189 83 59 1150 458 196 209 
277 559 74 55 31 1077 30 30 22 463 75 56 34 1040 59 37 32 347 84 86 43 1012 102 50 43 988 62 38 35 1144 58 45 34 1102 108 58 39 86 108 128 63 968 190 85 63 744 497 222 215 1147 476 206 231 642 337 146 129 1298 221 102 104 
278 560 74 54 31 1077 29 30 22 463 74 56 35 1011 104 51 41 1040 59 38 33 1102 109 58 40 988 63 39 35 1143 58 46 34 347 84 85 43 966 183 82 80 86 107 128 64 628 342 153 142 1302 220 106 113 1165 521 219 232 724 538 216 228 
279 559 73 54 31 1078 29 29 22 1011 105 51 43 462 74 56 36 1042 58 38 33 1106 117 52 36 988 62 37 35 1144 58 45 34 346 83 86 43 1313 238 111 108 85 107 128 64 964 192 83 75 601 359 164 148 1166 556 249 275 706 565 229 259 
280 1076 31 29 22 559 72 54 32 1004 101 52 40 462 73 56 37 1040 57 40 33 989 63 36 34 1144 58 45 35 347 83 84 42 85 105 127 66 1106 118 54 38 1320 243 112 108 965 200 81 75 584 364 167 155 1165 577 273 304 690 599 229 273 
281 1076 31 29 22 559 72 54 32 1003 99 51 39 462 72 57 38 1041 56 40 33 1145 58 44 34 989 64 36 34 347 83 83 42 80 104 127 72 1105 118 56 39 548 391 181 160 964 202 79 78 1329 253 111 111 1167 638 302 320 667 619 249 310 
282 1075 31 29 22 560 71 53 31 1003 98 48 37 462 71 56 37 1041 55 40 33 1146 59 43 34 989 64 36 34 348 82 82 42 86 104 126 67 1336 265 121 116 524 402 199 168 957 210 87 76 1105 119 57 39 1184 658 331 400 627 647 289 330 
283 654 666 259 242 1075 30 29 23 560 71 53 30 1002 97 46 37 1147 59 44 34 462 71 55 37 989 63 35 34 1040 55 41 34 348 82 82 41 86 103 125 66 1207 701 326 390 1342 272 134 120 497 417 215 177 1105 119 58 42 957 213 84 83 603 683 307 385 
284 1006 117 50 39 1076 29 30 23 560 70 52 30 988 63 34 34 998 95 47 37 462 70 56 37 1147 59 45 34 349 81 81 42 1040 56 41 34 1360 280 126 139 558 772 320 314 86 103 125 67 468 438 223 182 957 219 85 81 1105 122 60 41 1210 778 354 297 
285 1076 29 30 23 1003 117 54 42 561 70 51 30 989 62 33 34 1148 59 44 33 462 70 56 36 997 95 47 37 350 80 80 42 1040 56 42 34 1229 853 365 221 1366 299 153 131 86 103 125 67 951 226 87 86 426 464 245 194 1105 122 61 44 536 791 345 285 
286 1164 69 41 30 1076 29 30 22 561 70 51 29 1001 117 57 44 995 96 46 37 462 70 55 36 1147 58 47 35 988 60 33 34 350 79 79 41 1243 938 347 133 1378 311 147 140 1040 56 41 34 515 846 356 234 85 102 127 67 381 495 258 197 949 238 89 80 1106 122 60 45 
287 1164 69 42 30 1077 28 29 22 561 69 51 30 519 917 315 153 1001 119 57 42 993 94 44 35 463 69 55 37 1400 325 156 147 988 59 34 34 1146 57 50 36 351 79 78 41 1040 55 41 34 84 102 128 68 1107 124 61 45 946 243 89 81 337 503 281 241 
288 623 55 54 31 1163 69 44 31 1078 27 29 22 520 998 264 84 560 68 51 29 998 120 59 41 1406 334 165 162 988 58 35 34 1146 57 51 36 989 93 45 37 463 69 55 36 350 80 78 41 1040 55 42 34 277 538 319 252 84 101 130 69 1107 126 62 45 939 247 92 91 
289 623 54 54 30 1163 70 44 32 1076 27 30 22 560 68 52 29 999 121 58 42 1145 58 52 37 463 69 55 36 987 58 35 35 986 92 45 38 1425 344 165 181 350 79 78 41 1039 55 42 34 80 100 127 73 1108 128 61 45 937 254 94 93 232 553 323 292 
290 1164 72 43 33 622 54 55 30 1077 26 28 21 560 68 53 29 1430 382 195 154 984 93 45 36 1147 59 49 37 463 69 55 35 999 123 59 43 350 80 78 41 987 59 33 33 1040 55 41 34 80 100 128 74 1108 128 62 48 177 593 347 307 930 264 100 94 
291 1079 8 29 19 684 54 58 31 622 54 55 30 1078 24 28 21 1164 71 43 33 559 67 53 29 1456 390 195 188 981 91 46 38 1147 58 50 37 351 78 77 42 463 69 56 35 986 58 34 35 997 126 59 42 1039 55 41 34 80 100 127 75 1107 130 63 51 93 657 383 297 925 268 102 104 
292 622 54 55 30 1135 35 41 28 684 53 58 32 1475 408 213 205 1076 26 28 21 559 67 53 29 1164 72 45 33 1148 58 50 37 978 90 47 38 351 78 76 42 986 56 36 34 463 69 56 35 998 128 56 40 1106 132 67 54 22 703 418 343 80 100 128 74 1038 56 41 33 922 275 104 107 
293 684 53 59 32 622 54 55 30 1135 36 40 27 1077 26 28 21 559 66 53 29 1165 73 45 31 1483 427 255 213 986 55 36 33 1149 59 47 35 351 78 76 42 998 129 57 41 976 90 48 39 463 68 56 35 0 743 360 349 1112 137 70 55 80 99 127 74 1038 58 41 33 919 284 106 107 
294 685 53 58 32 1136 37 39 27 623 54 55 29 1078 26 27 21 559 66 53 29 1524 458 257 248 987 54 36 31 1151 59 44 33 1167 74 44 31 975 91 49 40 352 70 75 47 463 68 56 34 1115 136 67 59 996 131 59 43 0 780 322 294 80 99 128 74 1038 58 41 33 913 294 111 111 
295 1135 37 39 26 623 54 54 29 685 54 58 32 1078 27 27 20 560 65 53 29 1152 59 42 31 969 93 47 35 5 857 252 217 987 54 37 29 352 70 75 46 1168 75 43 31 1543 490 295 260 462 69 56 34 80 99 127 74 1037 58 39 32 994 133 61 43 1111 140 74 66 909 307 110 113 
296 624 55 53 29 1135 37 40 27 684 54 58 32 1080 27 26 20 560 65 52 29 1151 57 45 32 987 53 38 29 353 70 74 46 1169 75 43 33 968 92 49 38 1580 559 324 265 462 68 56 34 1036 59 39 33 87 97 124 66 991 136 64 45 1108 144 81 64 906 320 113 110 
297 1135 37 41 26 624 54 53 29 684 53 59 32 1080 27 27 20 1610 562 312 330 560 65 52 29 1149 55 48 33 987 52 39 30 1169 74 43 34 353 70 74 46 462 68 57 34 968 93 48 39 1037 58 39 34 87 98 124 65 989 139 66 46 894 328 120 120 1105 149 90 63 
298 1136 38 41 25 624 54 53 28 1652 625 262 350 685 53 58 32 1080 27 27 20 560 65 52 30 1169 74 42 33 987 52 37 28 1173 83 46 33 1148 55 48 32 353 70 74 46 462 68 57 33 87 98 124 65 967 92 48 40 1035 58 39 35 988 139 66 50 888 345 126 119 1109 153 85 64 
299 989 43 36 23 624 54 53 28 684 53 58 32 1724 679 188 392 1170 74 41 31 1080 28 28 21 560 64 52 30 987 52 37 28 1148 55 46 31 1175 84 45 32 353 70 74 46 461 68 57 34 87 98 124 65 990 138 64 54 1036 59 38 36 1109 156 86 68 966 92 48 43 884 352 128 145 
300 1136 39 42 25 624 54 53 28 684 53 57 32 1169 74 42 30 1079 28 29 22 560 64 53 30 987 51 37 29 1778 709 146 368 1147 55 47 32 353 70 74 46 461 68 57 34 1175 84 46 32 987 137 64 58 87 97 124 65 1036 59 38 36 965 92 47 44 1109 161 89 67 875 374 136 132 
